(-6 -2 -11 -14 -1 +5 -12 +10 +8 +15 -4 -9 -13 +7 -3)
(+14 +11 +2 +6 +3 -4 -9 -13 +7 -15 -8 -10 +12 -5 +1)
(-1 +5 -12 +10 -11 -14)(-7 +13 +9 +4 -3 -6 -2 +8 +15)
(-15 -8 +2 +14 +11 -10 +12 -5 +1 +6 +3 -4 -9 -13 +7)
(-5 +1 +6)(-12 +10 -11 -14 -2 +8 +15 -7 +13 +9 +4 -3)
(-5 +1 +6 +2 +14 +11 -10 +12 +3 -4 -9 -13 +7 -15 -8)
(-12 +10 -11 -14 -2 +1 +6 +5 +8 +15 -7 +13 +9 +4 -3)
(+3 +2 +14 +11 -10 +12)(-5 -6 -1 -4 -9 -13 +7 -15 -8)
(-7 +11 -10 +12 +3 +2 +14 +13 +9 +4 +1 +6 +5 +8 +15)
(-5 -6 -1 -4 +13 +9 -14 -2 -3 -12 +10 -11 +7 -15 -8)
(-7 +11 -10 +12 +3 +2 +14 +6 +5 +8 +15)(-13 +4 +1 -9)
(-5 -6 -14 -2 -3 -12 -9 -13 +4 +1 +10 -11 +7 -15 -8)
