6 5
1.5
5.027 29.288 5.200 6.381 2.664
9.330 2.091 5.744 0.282 4.076
3.514 11.942 17.664 1.315 6.656
3.544 4.763 3.321 1.574 5.033
4.183 16.498 17.832 16.193 7.426
13.792 4.778 6.018 12.106 9.689
1.514 3.078 6.999 9.833 7.458
1.862 4.976 7.102 8.830 0.510
0.436 1.159 2.157 1.741 6.232
9.577 16.623 1.699 8.626 4.465
5.244 3.598 8.518 13.484 8.650
23.680 0.944 3.587 1.309 3.325
3.940 1.505 7.022 8.284 16.379
8.631 9.395 0.663 16.790 5.581
4.934 7.082 6.627 0.386 2.196
15.336 11.821 13.956 12.184 12.554
15.694 2.427 3.508 17.506 10.345
4.954 4.078 2.257 6.117 11.097
4.001 5.858 1.237 1.086 4.182
5.584 8.942 8.420 12.457 6.055
3.850 15.542 8.939 8.248 0.666
6.845 3.895 4.219 1.392 0.467
10.801 4.016 11.220 12.152 13.690
5.530 2.155 5.866 11.656 15.913
5.073 6.115 7.972 11.468 6.378
10.066 17.140 4.708 3.761 2.812
5.060 2.885 2.492 16.093 2.440
16.041 9.630 10.063 17.466 6.562
11.835 8.600 1.849 14.278 13.290
4.098 9.499 23.215 2.395 4.591
14.565 22.087 14.299 2.202 12.608
3.316 6.084 9.773 11.275 3.948
18.791 2.384 8.380 13.448 12.308
7.157 0.738 5.900 13.402 2.238
11.984 10.947 0.049 5.740 7.526
0.866 19.090 5.381 10.532 9.319
16.525 5.109 9.536 0.823 2.411
6.036 5.756 7.221 1.030 8.839
1.524 0.470 3.884 2.133 20.385
2.980 9.594 15.521 25.121 6.812
3.651 0.416 6.094 11.937 12.302
26.295 10.280 11.030 5.981 2.585
8.213 10.125 7.210 4.980 13.509
3.771 1.333 5.493 1.387 1.620
15.378 15.975 14.078 7.028 9.508
1.040 2.620 7.338 2.739 4.423
3.892 3.255 12.854 35.513 3.258
16.016 3.320 4.620 1.759 0.290
9.128 1.319 0.046 2.858 1.588
13.642 13.692 8.319 0.107 8.383
6.365 5.888 6.412 1.431 3.028
1.642 2.972 5.729 2.124 11.466
0.382 2.056 4.260 1.777 8.749
2.052 4.316 10.568 21.097 7.778
0.663 16.609 9.665 6.782 6.803
8.672 11.147 19.103 5.550 21.301
4.372 0.768 0.487 8.784 1.356
8.690 11.604 12.109 2.261 8.552
11.576 4.326 8.555 12.101 9.090
7.866 9.246 3.522 7.267 9.392
3.438 20.198 8.369 5.424 8.140
11.600 13.844 7.090 17.192 0.558
16.734 11.710 16.580 16.870 1.127
2.847 0.775 8.358 4.070 11.750
6.237 5.125 15.642 0.574 2.653
11.739 12.052 8.242 2.778 4.745
11.646 13.553 22.418 0.497 3.816
9.256 10.506 2.692 5.560 9.824
17.051 1.796 15.263 8.935 19.319
11.494 3.552 6.642 8.532 7.086
5.008 14.023 8.611 6.109 1.219
3.157 1.451 5.913 5.868 7.045
4.077 5.273 15.600 21.304 7.343
5.858 1.484 5.428 10.827 3.103
20.826 9.141 4.346 26.829 7.098
9.564 9.828 0.632 4.628 6.344
6.918 8.710 3.079 1.308 15.013
5.714 18.663 14.285 13.692 3.543
6.042 4.220 13.624 6.809 5.981
5.293 9.064 12.324 3.255 8.348
9.214 1.442 11.543 4.441 3.379
0.004 15.020 0.321 11.370 9.172
0.641 0.787 3.676 10.632 23.200
14.018 1.446 16.020 11.364 7.443
6.760 17.856 6.801 10.789 19.736
0.968 1.953 8.473 17.041 21.856
2.311 13.811 1.792 9.171 6.524
6.341 14.647 11.125 6.339 2.119
29.512 4.594 3.554 11.855 1.755
8.183 10.418 1.540 8.397 16.907
8.842 7.510 6.236 6.740 8.571
15.385 1.759 0.830 0.174 11.596
0.894 14.651 5.013 4.852 7.875
10.277 3.525 12.777 8.080 20.717
5.425 4.019 3.573 9.783 7.937
4.380 5.415 9.698 0.265 0.420
6.435 8.856 20.024 4.171 12.238
4.247 7.069 2.643 6.243 6.379
6.692 10.122 1.052 12.236 16.086
0.289 14.799 11.133 12.964 6.660
12.050 0.941 0.109 2.913 6.893
8.590 1.736 0.740 7.964 5.253
4.911 8.298 4.662 0.826 13.739
4.905 4.781 6.199 7.660 23.533
5.107 0.459 3.194 2.711 7.584
6.648 8.068 12.606 1.972 5.587
8.176 1.631 5.846 5.648 16.111
5.265 24.899 12.388 20.205 7.263
11.294 12.226 8.881 3.975 1.023
5.447 7.176 4.581 15.931 1.463
9.434 0.674 10.810 11.360 10.971
4.168 0.349 14.374 3.774 5.417
11.005 10.197 11.221 5.511 8.232
7.828 0.145 2.982 2.758 6.543
6.321 5.441 5.232 6.158 1.651
0.584 3.643 9.863 6.091 12.338
20.205 9.943 6.469 11.686 11.882
13.873 1.437 6.357 3.962 11.755
12.212 15.528 10.059 13.724 2.152
9.693 17.175 21.035 18.553 26.153
14.294 10.907 6.349 4.821 7.989
0.128 14.658 4.078 3.354 0.839
1.323 4.920 2.167 8.442 10.761
14.107 2.634 0.043 16.049 4.372
18.799 5.662 20.242 19.631 1.036
7.843 13.675 0.500 2.372 1.948
27.977 1.672 3.894 9.841 2.466
7.208 8.592 1.937 0.081 5.444
16.712 1.713 6.704 4.278 0.742
6.828 14.477 1.041 3.222 26.133
1.810 19.004 5.400 5.898 10.969
23.379 14.056 4.012 11.139 7.930
1.805 9.323 1.826 15.676 4.913
5.214 5.117 3.619 1.283 1.202
3.957 8.902 14.302 7.592 1.871
1.548 5.173 10.647 4.146 5.842
8.146 0.819 25.096 8.006 14.330
10.135 13.016 13.501 7.404 8.473
5.465 12.875 5.216 9.355 3.282
1.641 4.596 6.924 5.536 5.673
6.736 1.280 3.207 9.847 1.320
15.357 2.452 0.301 7.251 8.242
7.954 7.256 0.827 6.563 11.522
4.686 0.737 12.495 4.108 9.807
3.706 4.140 11.769 5.905 5.948
13.503 0.670 7.442 16.543 5.229
14.622 7.371 4.249 21.304 6.026
14.040 1.755 9.232 2.602 8.780
10.235 0.030 12.425 3.510 2.895
4.237 7.265 7.743 1.923 28.014
4.114 12.806 6.744 2.991 2.070
5.174 1.446 6.142 11.950 13.049
3.511 3.830 20.741 7.608 4.560
2.073 3.055 1.050 3.271 0.887
18.400 0.278 23.429 3.495 7.473
2.066 7.946 14.822 19.699 0.584
9.295 7.045 6.084 8.062 7.065
2.910 0.209 6.999 2.014 2.654
0.050 4.871 19.938 25.421 4.191
18.463 17.042 38.730 10.459 14.281
0.573 8.194 6.212 4.639 5.352
7.633 7.812 8.208 17.282 13.924
4.183 22.095 18.905 9.852 2.428
2.141 6.290 0.134 3.615 17.829
1.666 8.769 15.586 8.312 16.963
11.653 3.392 11.957 5.412 11.640
1.082 12.220 10.611 6.388 15.253
20.080 10.402 10.260 16.839 12.559
2.747 7.177 18.539 4.570 6.244
19.452 23.726 18.667 0.711 7.324
2.060 0.774 16.509 12.758 15.005
9.097 10.874 14.757 4.104 3.336
7.289 4.259 5.808 4.580 2.824
9.021 24.669 5.955 9.705 7.818
17.509 6.542 11.211 10.947 1.006
0.193 7.690 4.577 7.040 9.678
3.548 9.150 5.152 20.545 15.024
10.981 0.369 0.604 9.907 1.742
18.823 19.686 8.820 4.368 6.121
9.239 3.609 3.821 8.714 1.976
2.249 13.371 8.396 3.100 1.691
3.685 1.498 7.605 9.875 0.358
5.002 3.415 9.469 6.460 3.039
22.363 2.624 11.157 13.698 0.590
15.859 0.865 7.120 3.908 12.679
5.621 9.137 5.441 1.306 17.367
8.304 26.090 20.222 9.239 0.181
6.564 14.247 9.172 1.654 0.612
6.318 7.462 7.687 5.931 3.095
1.632 8.395 7.733 3.485 1.545
7.765 7.113 6.397 0.450 15.996
7.278 8.728 6.285 3.412 6.755
2.697 0.305 5.185 9.628 2.519
0.522 2.926 24.009 14.845 4.500
0.109 8.355 10.819 7.352 19.977
4.135 4.819 7.377 14.624 3.406
0.751 21.824 9.429 11.294 8.471
0.619 7.831 1.158 6.599 3.316
17.275 15.480 9.369 9.766 5.507
1.742 7.238 18.090 4.245 5.228
9.581 6.641 18.776 18.717 6.360
5.589 1.517 10.424 10.532 6.060
1.697 3.736 8.088 9.434 31.198
17.847 4.384 12.875 5.935 4.977
2.633 22.489 12.634 3.053 8.306
10.659 13.799 10.219 4.742 13.878
7.981 9.075 16.921 18.802 11.519
1.789 0.162 10.262 13.460 9.938
9.393 5.164 0.039 13.327 5.826
24.581 4.215 5.264 3.250 5.937
10.199 25.302 10.218 7.327 2.004
1.040 2.556 17.140 16.481 13.133
3.949 6.130 21.617 7.652 24.553
12.537 12.838 4.238 7.703 27.692
12.967 2.051 6.144 9.513 9.370
6.373 3.944 5.163 3.376 8.866
12.837 8.847 6.308 5.280 1.464
6.091 9.158 3.441 2.717 2.726
1.367 1.395 0.248 2.940 3.597
0.115 12.693 10.269 7.986 15.254
5.282 11.214 12.377 4.988 4.119
2.898 1.346 7.710 2.152 8.082
25.310 12.867 8.759 7.036 16.159
4.482 0.628 9.947 22.454 3.490
5.955 3.629 22.270 5.586 4.925
8.192 18.842 0.627 1.539 8.642
4.433 8.980 9.880 1.911 3.530
12.000 0.348 10.279 16.954 0.362
0.222 0.252 2.335 23.949 9.599
9.802 11.898 15.893 12.277 13.183
0.158 8.773 35.704 6.749 1.383
11.400 17.310 7.019 11.852 0.804
8.536 2.626 7.562 9.403 13.267
10.283 17.413 23.851 13.034 9.580
16.818 3.329 7.748 10.329 3.025
0.700 6.154 12.433 0.402 9.993
24.515 25.673 2.898 3.003 12.668
3.052 11.613 11.022 1.940 1.926
4.322 9.235 5.878 8.114 2.287
3.293 9.142 3.871 12.826 13.079
2.679 1.792 5.715 14.511 0.190
3.181 12.465 9.632 5.466 3.427
3.016 4.196 12.888 7.943 9.771
20.479 10.478 6.443 11.062 1.789
6.043 11.600 13.109 2.088 4.623
17.304 8.049 0.440 1.192 1.220
4.399 5.154 5.412 26.439 1.796
21.218 0.668 6.728 9.424 0.728
13.375 3.640 5.219 3.015 8.141
14.521 16.865 12.148 11.856 16.662
5.403 12.370 4.849 7.902 3.253
2.431 8.823 2.431 8.039 2.149
12.200 1.182 7.693 1.015 9.070
11.779 11.818 8.572 3.624 9.200
6.349 3.239 11.960 15.986 1.482
7.408 0.085 11.048 5.237 10.444
1.084 13.175 3.936 5.485 26.084
10.783 1.770 0.144 2.664 5.119
13.944 2.818 0.599 3.364 4.957
15.089 2.670 2.202 3.452 2.782
6.158 13.571 15.690 5.071 11.404
7.417 16.618 19.331 14.259 5.348
15.841 0.848 6.247 15.603 3.559
13.560 3.295 1.126 2.210 4.857
10.848 5.530 6.799 3.587 0.681
21.570 17.070 4.983 3.754 3.001
9.691 17.478 11.022 6.520 3.086
4.267 3.310 5.978 1.381 7.882
1.092 7.677 6.786 3.434 0.909
8.660 9.854 2.779 3.780 6.000
4.286 4.273 22.049 11.545 16.025
4.212 3.237 2.044 16.942 5.445
21.589 16.169 13.684 3.311 0.329
1.300 1.778 6.658 1.894 11.829
5.590 9.305 2.390 13.358 0.634
7.145 10.058 17.691 10.062 4.800
3.086 8.749 1.936 14.597 14.797
15.281 0.295 13.147 4.043 9.018
30.496 5.597 6.505 9.595 3.651
25.027 3.987 0.307 0.454 9.970
6.886 18.685 13.564 10.419 8.375
1.524 25.238 31.528 7.248 11.631
10.892 22.618 7.590 12.090 1.115
12.520 7.916 2.707 3.044 15.165
8.367 1.243 1.506 2.630 1.914
0.749 0.701 3.868 11.334 23.614
2.125 13.109 11.490 8.438 14.265
1.121 1.843 9.755 15.167 10.082
7.994 7.276 0.739 3.553 7.795
5.786 5.742 18.340 4.812 5.992
5.251 5.972 7.856 8.437 27.232
14.267 15.314 4.931 3.379 1.648
8.666 2.957 5.430 9.215 1.931
10.100 0.775 3.905 1.960 2.858
0.487 3.282 7.333 3.431 23.075
10.059 2.367 6.105 13.719 15.607
10.356 7.040 17.056 12.186 0.022
12.232 4.528 1.237 16.115 14.702
5.116 8.649 5.954 4.926 11.242
8.973 15.702 8.972 2.075 6.920
7.983 4.040 5.749 1.228 7.290
6.191 10.566 2.926 13.393 8.083
0.977 5.726 23.666 1.612 6.547
3.224 18.643 8.361 4.282 7.007
11.027 5.337 8.683 6.096 18.112
9.870 16.406 9.832 18.803 17.315
4.587 6.602 18.055 1.750 10.985
3.800 8.645 4.583 1.546 6.616
3.417 16.894 10.282 9.784 15.016
12.973 6.261 19.799 3.879 0.470
11.690 2.966 12.579 8.378 15.833
2.709 12.812 12.880 22.071 22.831
0.413 3.508 12.368 8.914 13.375
10.027 16.849 3.400 21.038 11.617
7.412 15.870 1.004 29.621 2.929
23.137 8.105 5.819 5.113 0.378
8.341 2.958 8.403 16.660 14.063
5.520 9.831 3.921 5.637 4.386
7.081 1.919 1.336 8.105 5.122
1.540 0.873 16.640 1.301 0.449
20.478 10.345 4.127 22.418 5.279
9.619 7.675 7.841 5.809 10.669
1.397 8.259 4.813 14.587 14.521
9.835 2.743 2.956 12.584 9.668
18.997 9.860 7.021 25.457 0.844
5.701 6.719 11.943 2.444 1.881
8.563 2.367 6.861 6.746 9.263
6.884 10.096 12.793 5.943 3.158
6.011 0.748 9.897 3.069 5.241
0.321 1.564 7.835 2.322 4.673
2.960 2.936 4.032 13.419 7.575
3.865 6.411 0.642 12.802 6.132
8.187 9.382 16.309 10.825 4.859
11.541 2.235 7.413 7.381 14.481
3.761 6.296 21.687 1.521 8.817
6.478 2.302 1.959 2.743 12.826
4.341 2.425 6.768 17.842 5.702
2.942 6.105 23.837 5.545 5.362
14.900 18.070 2.729 1.751 11.402
6.987 0.771 2.336 16.340 27.417
20.633 18.832 10.835 1.189 10.243
9.293 5.571 0.378 9.131 7.075
4.286 7.630 12.924 9.384 1.898
4.414 8.548 20.207 6.168 7.304
0.528 3.526 10.579 1.191 9.997
10.153 11.871 4.443 14.146 6.200
3.190 3.836 15.143 14.436 5.840
21.989 8.064 12.474 1.231 5.655
5.550 3.104 8.243 8.490 12.197
2.007 4.068 10.502 1.175 24.597
5.350 13.492 7.633 4.684 4.982
17.050 0.901 0.675 1.286 3.259
10.311 5.995 2.835 12.780 5.297
16.175 11.260 5.123 13.891 15.339
4.965 12.182 6.379 8.158 15.393
6.195 12.027 7.198 10.090 8.821
12.823 7.144 8.885 7.728 6.332
12.276 9.818 2.230 9.177 7.128
15.470 1.718 1.907 0.785 7.979
4.266 10.665 6.832 8.656 5.784
17.598 1.489 3.328 0.423 20.098
4.316 7.081 9.344 9.279 6.859
8.583 6.192 3.109 5.834 13.836
5.939 12.047 3.887 9.576 2.590
2.212 3.584 23.265 22.715 5.198
4.534 9.969 5.879 4.031 3.845
6.128 7.603 2.200 6.823 2.129
17.335 15.278 17.708 4.148 3.983
9.237 13.306 11.561 1.750 6.395
1.612 3.472 23.280 5.973 12.898
24.879 17.906 23.187 28.363 15.245
12.295 5.515 8.776 0.751 7.827
9.876 1.232 2.920 14.266 23.393
12.197 13.718 4.271 0.823 2.028
2.412 9.980 14.823 10.076 5.565
12.550 1.122 13.548 2.320 13.004
0.255 4.387 6.830 9.050 2.908
3.712 6.831 9.069 16.876 8.913
3.788 7.949 16.800 9.821 7.132
8.289 14.388 8.589 6.899 7.836
11.582 11.380 7.608 6.912 2.627
2.419 4.282 4.434 7.086 11.087
11.578 3.376 6.299 5.584 2.137
16.476 8.053 13.788 9.349 16.186
2.109 7.273 22.519 4.581 6.136
3.931 12.439 20.190 11.404 0.901
3.705 5.540 12.330 9.572 2.633
3.422 12.309 2.982 13.674 7.316
5.183 13.208 9.632 6.213 7.438
5.354 7.965 15.935 9.102 0.840
7.373 2.956 8.104 18.123 4.477
4.895 5.058 1.113 6.692 0.911
21.440 14.400 12.138 20.828 1.545
13.715 3.108 6.099 4.641 0.084
11.040 16.656 13.234 9.994 14.646
5.634 26.050 14.347 0.640 0.209
22.493 13.199 25.190 2.358 4.684
1.278 1.473 3.741 1.130 8.807
8.068 5.095 3.577 10.434 2.142
4.501 21.756 14.485 7.561 0.183
2.177 11.850 9.981 20.842 20.378
0.187 6.709 1.345 6.104 6.111
8.843 4.647 14.530 1.724 8.011
20.764 13.428 3.470 6.856 10.510
14.432 9.538 2.170 3.432 4.619
13.628 1.730 3.455 10.103 12.208
1.983 4.521 0.621 9.686 2.468
1.652 6.697 7.818 0.410 0.532
1.344 15.334 1.675 8.949 14.997
13.247 7.363 4.662 15.234 3.452
1.302 13.452 4.859 5.541 9.345
17.534 1.728 17.565 7.716 0.134
10.008 8.839 2.740 7.714 7.709
17.678 17.752 2.061 6.624 11.271
0.224 3.077 29.934 5.062 11.574
11.949 0.817 1.185 5.879 7.299
7.364 17.860 7.685 10.002 2.624
4.441 5.044 4.552 0.207 0.878
11.429 0.884 7.034 7.361 16.882
3.383 0.213 11.511 14.443 23.632
5.239 6.037 3.396 2.691 15.962
7.883 18.446 17.603 7.136 4.083
15.053 2.172 6.363 3.050 8.458
5.359 12.250 8.159 15.098 12.283
1.917 0.884 18.229 10.800 11.953
5.804 17.022 1.461 12.688 5.658
2.288 4.823 6.684 0.143 0.970
16.274 8.248 14.658 1.811 15.112
15.595 0.359 12.223 3.232 10.005
5.794 1.234 9.520 14.656 12.777
16.290 12.053 16.738 5.407 6.476
11.840 22.845 16.567 16.005 7.634
1.887 1.521 21.435 16.015 9.241
5.904 2.704 2.285 0.472 10.370
6.947 1.075 3.483 12.519 17.024
3.075 14.109 8.348 9.999 2.072
0.598 7.952 2.684 12.339 1.006
20.022 11.112 14.681 18.596 14.625
6.522 7.571 13.328 3.984 5.061
6.403 23.869 1.340 12.293 9.405
12.615 14.422 19.556 13.596 9.985
9.853 5.062 8.173 0.434 13.565
3.075 19.428 2.176 30.490 16.826
18.437 6.208 5.434 3.825 3.560
2.211 15.648 16.556 13.970 2.475
10.388 8.275 5.792 6.221 18.382
15.586 1.027 0.964 3.685 4.725
2.972 4.809 10.354 11.166 4.256
4.773 1.026 3.104 11.686 9.140
0.594 5.161 6.119 6.739 13.643
4.315 9.758 11.298 4.750 4.722
9.229 2.662 10.964 18.400 2.287
6.132 8.751 3.634 4.864 2.592
3.688 0.721 30.204 6.450 16.776
1.650 6.478 7.675 7.811 6.904
2.714 3.016 4.706 9.677 18.378
0.697 1.051 4.451 27.633 6.536
8.062 5.477 17.042 4.686 22.477
7.062 4.485 12.762 0.582 5.366
8.071 5.037 29.713 4.464 1.755
8.748 5.788 15.040 22.357 1.136
10.718 8.129 7.522 11.888 16.771
3.602 5.769 4.692 3.397 6.088
20.674 6.364 0.837 0.660 22.881
5.749 7.826 8.251 13.570 5.310
8.924 2.609 5.469 17.905 1.219
5.807 7.223 15.864 4.008 2.512
17.224 1.326 11.478 2.610 4.609
13.857 4.342 4.101 3.058 3.053
24.826 4.002 8.183 4.326 4.619
2.771 8.136 29.382 12.067 2.144
10.853 6.002 4.097 5.729 18.488
2.983 1.037 7.523 6.256 7.052
3.352 7.178 1.115 5.429 3.285
3.002 3.749 4.627 0.489 9.478
3.162 21.204 1.592 3.887 13.808
6.764 0.836 3.717 1.478 14.707
22.439 2.982 6.932 17.108 4.270
15.088 1.125 2.596 5.989 15.598
12.259 6.257 15.443 3.619 3.357
6.915 2.622 15.264 20.300 1.275
0.757 4.737 2.340 5.725 0.014
11.188 15.862 18.142 10.884 1.633
11.973 4.897 4.043 8.192 0.872
9.000 1.540 2.055 2.445 0.285
3.909 7.420 12.842 16.215 5.585
1.007 1.853 21.864 2.346 6.017
26.529 4.369 6.790 15.609 10.577
5.846 16.080 5.969 7.951 2.676
1.216 10.842 3.383 3.832 4.012
7.881 8.715 11.254 1.164 19.431
1.483 17.452 11.809 0.939 1.404
3.574 5.941 7.560 0.333 11.247
11.316 5.629 19.977 5.268 3.716
7.496 0.618 18.067 2.533 9.144
7.351 34.036 21.231 6.814 2.860
6.940 2.330 11.688 22.557 1.503
2.926 0.631 0.627 14.624 0.682
18.799 12.650 9.284 3.101 4.890
18.744 10.329 10.964 11.902 5.156
10.461 2.057 9.446 10.677 1.516
10.369 4.899 10.641 7.964 2.109
11.051 18.714 15.866 16.589 9.768
10.407 11.763 2.011 13.360 16.853
19.779 19.599 7.681 6.857 11.392
11.685 13.594 18.995 6.926 1.657
0.348 13.480 5.635 20.725 9.172
4.847 1.948 21.532 8.913 7.488
3.078 3.710 3.186 9.634 5.525
10.958 11.280 24.144 2.277 7.165
2.629 4.038 10.374 11.591 4.687
3.409 3.579 2.040 3.936 12.676
5.273 4.242 10.204 10.812 15.574
14.855 14.320 3.797 7.881 2.655
22.491 5.149 15.453 0.188 10.049
3.967 1.460 14.481 23.112 6.105
14.176 1.144 1.887 15.070 1.888
3.321 14.681 4.783 7.129 2.320
8.316 3.124 4.285 11.386 18.091
2.850 2.027 5.561 5.390 2.834
2.398 7.477 1.788 0.390 22.438
17.848 8.903 5.308 2.922 3.449
11.066 8.127 1.310 9.120 4.991
14.992 25.231 13.920 4.535 7.158
6.870 10.323 2.813 6.603 3.900
2.099 8.279 21.031 8.703 0.875
5.179 12.285 3.692 11.082 16.847
12.864 0.475 2.235 3.385 3.892
6.787 5.602 1.649 9.304 4.606
18.452 1.730 27.455 5.989 1.273
1.981 11.694 20.956 0.937 17.644
5.746 12.686 4.814 1.472 9.015
6.434 10.240 0.115 2.873 15.438
11.062 10.518 13.390 0.051 1.095
15.902 17.613 5.113 8.716 5.454
16.548 1.116 0.040 6.124 8.868
7.701 1.929 6.035 13.204 4.391
11.397 21.566 0.187 13.849 3.557
1.152 4.308 15.488 7.048 11.159
5.107 24.637 14.831 23.438 3.858
4.500 7.101 14.855 5.574 6.579
13.490 16.205 13.928 7.816 1.958
16.290 9.479 3.504 6.422 6.454
13.336 2.842 0.414 12.883 9.551
8.868 7.388 9.343 12.639 1.848
8.086 7.524 25.560 7.927 17.328
5.983 19.519 6.373 5.821 13.665
0.850 14.458 16.879 1.138 1.551
2.902 3.320 1.145 14.690 14.326
6.318 16.296 6.147 8.542 14.612
3.538 7.634 7.282 16.342 10.025
7.637 0.701 5.519 9.449 2.859
19.487 27.175 10.518 9.527 1.672
9.641 1.009 0.289 12.168 14.776
3.115 0.178 8.371 6.781 0.828
0.980 7.883 10.525 2.641 2.288
4.687 13.722 10.440 4.174 13.909
8.030 3.120 13.497 1.078 2.375
14.513 6.803 9.034 2.511 9.182
9.184 0.384 12.537 5.637 3.517
10.386 12.909 2.187 7.664 15.015
1.207 10.853 9.352 15.524 7.477
1.398 5.890 2.216 0.755 7.334
10.748 1.835 7.773 18.914 3.490
28.404 7.719 10.276 8.905 6.944
27.248 6.111 23.434 13.426 8.273
14.019 2.536 17.455 1.642 15.419
6.131 1.808 5.704 16.847 4.467
0.329 5.093 8.421 9.316 20.353
12.100 10.845 5.674 11.266 0.462
7.603 2.636 4.913 20.299 3.021
16.959 10.925 2.899 1.098 17.542
29.943 1.299 13.352 7.934 2.315
21.853 3.423 6.359 4.752 8.310
18.774 5.142 7.549 10.580 14.106
2.368 9.665 0.814 2.709 17.691
8.111 21.948 4.542 4.617 2.872
9.472 7.207 1.434 3.211 5.698
0.377 6.613 34.180 13.515 7.148
12.126 12.021 19.907 7.236 12.980
10.180 3.712 5.308 14.811 8.671
2.091 19.614 6.643 5.964 7.725
1.250 9.285 18.796 28.205 1.387
8.995 1.927 0.848 10.716 6.749
8.447 14.838 0.231 10.317 15.611
6.808 9.580 0.568 5.569 0.876
12.614 3.651 11.090 7.738 7.927
11.876 2.797 8.142 5.662 6.859
3.918 5.638 2.443 7.041 2.630
0.556 4.731 6.141 8.707 3.843
5.954 0.600 2.365 4.348 0.024
1.685 2.037 2.818 4.136 16.865
7.268 7.358 16.411 1.469 0.453
13.018 12.208 12.698 2.965 13.426
0.365 3.101 3.862 3.108 4.902
12.203 3.846 14.328 10.122 10.357
10.868 1.901 7.474 3.141 18.855
8.372 13.595 9.074 18.900 12.578
7.973 2.109 7.052 0.976 3.980
0.318 7.092 7.735 13.345 4.884
0.630 12.411 10.215 7.979 18.079
7.183 8.992 0.590 12.729 0.743
12.695 13.291 1.270 0.515 11.911
9.623 16.578 1.647 12.114 4.078
0.255 17.078 7.225 1.207 13.557
0.036 9.835 3.711 2.832 10.122
5.507 5.497 8.787 9.901 0.830
7.154 14.176 12.582 17.605 12.556
2.253 8.348 0.038 8.916 18.486
15.197 10.716 6.482 5.726 2.934
19.508 7.614 7.900 14.778 14.830
5.614 8.816 19.590 11.224 2.444
0.045 8.742 4.085 1.782 0.102
13.222 8.272 8.390 14.730 13.343
1.973 34.665 2.629 8.341 10.095
3.210 9.786 8.138 10.590 2.803
8.392 12.074 15.727 0.378 0.311
14.240 18.307 10.616 17.635 8.785
23.020 2.329 11.055 1.425 11.392
15.449 0.708 0.503 6.991 3.449
11.584 2.251 6.184 9.551 21.642
5.761 14.158 1.240 17.108 5.489
0.269 3.452 6.526 3.429 19.505
9.341 5.210 3.890 14.283 7.742
8.802 9.622 11.691 22.741 7.564
3.145 2.790 6.685 11.789 16.926
14.688 7.481 17.080 0.213 0.718
3.327 16.983 17.901 20.103 3.089
1.257 2.825 17.895 3.591 9.855
4.042 11.379 2.702 0.131 10.677
8.956 4.380 5.199 6.591 6.633
0.747 1.865 12.449 3.645 11.763
10.996 14.355 2.284 2.224 4.529
8.433 7.271 9.052 6.771 5.411
6.016 0.882 6.621 10.455 12.906
1.528 14.670 13.309 1.231 17.052
10.909 0.449 15.119 9.026 11.562
0.567 12.090 6.701 12.257 1.445
4.086 14.336 8.633 1.417 4.659
22.644 7.724 1.727 12.832 17.399
8.507 9.199 3.416 9.106 0.329
6.625 7.658 9.237 8.478 5.720
0.090 19.447 10.166 7.871 3.826
5.081 5.504 14.357 14.500 2.787
8.651 14.024 8.671 17.943 15.622
14.431 3.657 8.959 10.156 9.429
9.186 3.334 3.513 0.204 5.591
0.556 4.949 12.218 2.061 20.200
18.753 6.341 3.155 9.542 8.716
11.133 14.419 10.565 24.164 6.571
9.723 1.313 2.609 8.449 4.424
10.547 1.804 0.228 0.472 7.367
0.268 15.017 10.877 24.075 12.527
8.751 6.485 3.556 2.983 3.277
8.063 3.732 26.372 19.153 11.066
14.624 23.628 18.302 1.750 40.858
11.936 1.398 10.903 15.144 11.328
0.043 1.925 1.326 8.363 14.289
7.265 17.228 12.761 9.827 10.328
1.133 3.936 10.465 13.106 10.909
12.990 13.094 0.910 2.244 15.208
0.637 4.657 11.371 2.247 2.271
6.492 10.863 20.923 8.809 14.054
12.865 12.124 14.573 9.175 6.534
3.624 14.530 2.250 9.846 17.137
4.786 7.025 18.533 1.877 4.993
4.240 3.442 7.258 0.506 7.654
1.615 22.124 10.821 4.585 10.524
13.386 2.184 1.923 11.491 6.063
0.434 0.839 8.063 3.613 8.795
1.678 12.645 5.072 1.310 17.525
1.983 2.556 1.328 6.497 1.674
1.797 20.503 23.734 1.924 17.378
2.150 1.933 1.009 18.993 8.839
5.987 1.294 12.617 1.629 2.508
10.627 5.244 7.318 2.603 9.084
0.530 11.906 13.700 13.700 2.416
8.277 6.081 14.635 23.891 0.337
12.649 2.819 18.755 7.908 11.048
1.608 0.272 23.657 6.791 12.486
1.802 6.281 14.634 17.070 5.639
0.831 4.047 5.408 1.867 4.192
2.569 4.047 3.001 10.375 0.841
3.235 10.341 0.349 7.036 0.756
7.968 15.437 12.482 4.906 1.928
2.436 24.786 9.555 3.605 2.039
1.159 3.211 11.386 13.296 0.807
7.098 7.287 18.540 24.755 10.621
18.034 0.431 23.281 2.872 27.893
10.965 16.886 18.435 2.432 1.161
6.578 13.033 13.353 8.304 3.085
5.923 10.469 27.925 13.990 3.842
1.850 9.009 10.011 19.335 4.501
15.153 15.705 0.358 9.311 12.557
1.820 5.600 0.331 24.009 13.215
8.486 9.634 15.025 10.856 1.433
0.059 6.823 6.988 7.324 12.503
3.252 5.342 13.827 1.517 9.417
0.935 2.754 2.631 19.644 17.076
3.354 8.875 5.294 2.541 7.555
13.204 0.184 11.163 5.259 11.057
21.958 8.426 8.628 7.790 9.377
12.052 8.685 25.501 4.048 10.090
11.986 2.007 1.550 4.609 4.976
8.846 7.771 11.815 1.347 2.932
12.644 14.292 5.449 7.678 6.680
3.014 5.624 6.343 9.943 7.441
1.524 10.031 9.181 3.120 10.253
0.304 10.190 7.551 13.982 13.257
12.461 5.721 6.122 17.305 0.639
3.516 19.157 15.457 6.851 5.633
1.387 10.022 27.921 4.066 10.316
11.603 8.179 0.049 11.316 12.709
2.391 4.833 19.512 8.006 0.390
0.227 21.449 1.741 9.277 6.382
8.035 11.593 7.462 25.395 14.389
10.261 4.400 6.972 2.229 21.084
7.005 8.328 5.449 1.445 0.924
9.397 4.679 2.111 8.998 4.937
18.119 5.839 2.015 4.952 7.341
9.717 6.990 14.463 15.528 0.231
8.256 7.227 0.010 4.969 1.432
17.702 14.582 15.630 12.371 12.094
0.723 4.151 3.512 3.393 6.375
5.781 2.512 1.152 0.018 21.657
5.552 0.933 1.660 1.026 2.335
21.869 4.013 8.318 13.214 1.870
4.542 4.680 6.825 3.766 0.617
15.948 13.611 5.367 7.295 23.270
7.953 17.866 11.175 2.497 20.012
3.004 24.509 11.082 0.053 4.372
8.466 15.324 3.028 7.481 10.126
10.880 8.986 7.114 10.952 8.127
19.034 13.940 2.698 7.379 14.507
21.537 1.879 7.864 8.343 4.448
16.940 4.036 15.032 7.911 18.839
10.944 10.494 5.871 7.830 11.340
14.142 26.210 1.950 8.324 10.089
16.460 8.199 8.471 4.612 15.329
9.493 10.727 7.939 11.555 0.405
28.419 9.535 1.645 27.124 2.497
7.461 6.402 5.968 3.420 17.727
5.569 6.452 2.890 8.548 5.401
20.374 2.467 0.289 11.276 6.133
4.992 20.596 0.223 3.979 13.822
4.288 6.745 34.980 10.554 10.411
1.967 0.080 5.906 6.370 4.832
16.154 10.945 6.927 7.282 9.495
2.873 2.110 6.141 18.585 6.445
0.242 5.718 3.382 0.244 5.741
6.685 20.508 0.064 21.618 14.206
3.840 7.644 2.517 2.302 3.425
2.628 6.879 1.105 7.244 4.693
15.596 6.763 0.281 9.945 7.226
0.643 7.300 1.215 19.069 8.456
9.798 6.116 22.982 4.056 7.166
1.310 7.834 16.487 5.508 5.207
13.236 0.149 8.601 11.143 16.836
5.652 0.658 8.143 10.689 5.550
3.480 14.985 16.493 3.632 4.177
8.802 21.960 20.683 6.662 6.015
5.807 9.031 4.842 5.317 2.652
1.321 2.753 6.383 9.876 4.062
4.514 4.561 5.648 10.128 0.971
13.937 15.003 0.302 4.927 2.723
4.335 0.101 0.421 14.632 11.341
0.985 6.053 2.234 2.608 3.141
0.704 8.933 7.337 6.829 2.014
11.740 2.604 0.854 7.997 2.327
0.332 18.255 5.421 2.498 14.701
14.064 3.512 3.992 9.220 14.430
13.472 8.346 2.286 9.325 4.260
11.360 2.854 0.418 16.511 0.108
10.151 6.578 4.045 19.853 6.532
4.925 18.451 4.454 5.172 6.429
2.972 8.748 3.998 1.078 12.062
12.491 9.595 7.477 2.360 1.308
3.936 10.121 7.068 1.743 7.157
7.491 5.141 15.671 10.232 1.914
18.700 4.684 10.443 13.034 1.888
12.038 3.148 3.544 0.816 10.473
2.248 0.196 2.138 4.731 0.590
15.373 3.032 7.995 8.159 15.717
15.260 13.654 3.102 3.230 1.945
6.940 19.306 16.110 19.956 21.131
9.380 0.880 8.166 3.362 1.653
8.326 8.100 4.731 7.327 5.744
1.266 2.633 5.636 6.130 12.286
11.560 2.200 1.108 12.572 4.471
5.416 3.000 17.125 17.853 9.509
7.536 11.111 3.865 9.634 3.187
12.331 9.463 10.557 9.186 6.881
7.868 16.800 10.459 11.709 1.860
15.294 20.204 4.858 15.163 11.414
5.269 5.666 4.991 2.279 7.987
11.240 7.036 0.791 12.225 6.770
9.255 8.252 8.670 6.756 2.852
5.121 1.904 5.028 7.141 0.785
3.395 4.012 8.044 1.175 5.010
12.577 5.057 10.434 21.292 5.556
0.863 5.133 5.295 0.288 7.822
0.520 8.502 7.733 8.023 4.733
16.348 12.487 4.363 15.027 11.751
6.927 2.835 17.120 3.479 8.217
6.107 4.788 2.297 4.789 7.901
6.501 18.217 10.471 4.559 3.673
8.058 1.606 3.061 10.446 7.293
12.034 1.107 14.311 7.164 6.007
9.032 10.891 5.046 14.159 4.163
5.202 0.101 6.861 3.833 17.454
6.078 12.702 3.413 4.842 15.399
4.170 3.884 1.024 4.602 14.346
1.068 4.728 7.062 11.472 2.585
2.884 19.294 5.367 11.745 0.635
5.245 23.911 0.379 3.633 3.801
0.574 4.486 2.520 2.244 9.280
8.857 7.179 3.169 5.545 16.252
5.314 17.579 2.288 6.442 2.564
10.086 12.069 11.211 3.797 9.583
16.486 3.271 13.400 16.010 0.301
16.531 11.085 0.626 7.797 4.333
11.254 1.838 0.965 13.376 7.835
3.631 24.475 7.904 7.607 9.433
11.666 7.247 15.523 20.575 9.003
4.238 11.265 8.289 6.623 9.668
10.405 6.067 2.105 10.080 4.651
6.588 7.315 11.372 12.359 13.110
6.334 1.053 19.495 0.626 2.817
1.747 12.429 1.944 9.264 8.388
5.813 14.826 21.828 18.213 0.134
0.754 10.881 1.845 8.109 1.347
3.059 4.705 5.532 15.454 7.275
9.354 8.070 14.013 1.706 9.709
8.851 14.022 4.136 14.884 4.820
1.228 23.801 0.761 8.653 4.582
14.413 13.107 5.155 5.741 8.686
1.005 5.822 8.999 9.555 0.099
0.575 20.117 6.975 1.507 8.665
4.318 11.434 14.240 2.073 4.830
20.094 15.654 7.324 6.702 6.979
1.579 0.318 5.151 0.936 2.798
1.169 6.504 10.916 6.438 12.465
17.433 6.763 19.059 8.307 1.354
6.263 1.113 11.652 3.253 5.311
13.939 13.796 0.353 1.817 1.317
3.843 12.582 13.135 8.600 2.075
5.108 5.091 2.358 7.394 1.861
8.807 3.650 7.602 1.107 9.188
3.083 5.903 2.749 0.565 15.978
1.343 6.831 16.350 20.982 21.332
4.380 19.296 0.546 8.024 14.268
18.321 1.768 9.396 12.276 0.150
2.685 13.734 0.323 8.268 6.743
6.595 14.698 4.555 19.609 13.563
13.045 7.703 0.599 12.033 3.625
5.394 7.476 2.940 11.322 4.050
3.499 6.856 4.169 1.756 14.193
9.385 1.593 0.427 7.118 0.928
6.301 10.354 8.324 22.858 0.581
20.384 6.421 4.810 20.500 0.279
6.789 4.547 14.478 15.124 8.769
1.874 10.676 11.879 15.811 1.302
5.792 11.696 0.643 1.524 0.302
0.279 0.905 2.467 3.574 5.614
1.612 8.532 1.569 9.486 6.286
12.837 3.236 1.707 7.721 8.060
4.096 14.708 0.484 1.662 4.290
1.021 2.120 4.710 8.097 5.409
2.734 9.975 14.456 0.752 19.475
0.554 4.267 7.652 11.368 2.257
21.935 5.504 1.277 7.587 0.889
13.185 5.933 17.179 5.629 7.851
16.931 9.299 13.139 10.974 11.876
3.090 5.858 3.886 9.417 10.960
13.491 5.209 7.714 8.694 2.039
6.849 11.848 1.703 12.344 14.590
25.070 11.573 2.167 6.816 8.493
11.374 7.579 9.485 13.507 19.892
0.894 11.256 2.985 0.706 10.054
0.430 21.680 2.010 3.387 1.484
13.774 9.531 1.975 11.282 18.881
2.760 6.315 9.126 12.790 4.811
2.871 2.400 25.762 19.845 16.409
0.559 0.444 0.673 14.608 2.751
11.973 8.941 11.502 14.000 9.567
1.200 31.275 3.099 3.063 8.995
1.162 23.192 9.675 13.231 2.080
8.075 0.866 6.613 12.822 10.608
9.438 9.660 27.930 28.198 9.970
6.603 5.376 1.957 3.234 10.302
3.086 5.053 11.270 0.275 17.939
16.039 15.051 4.504 3.311 10.161
13.559 1.197 4.950 1.092 24.085
6.502 2.339 15.131 5.650 6.434
7.567 2.159 9.993 19.473 0.995
9.170 4.169 11.549 18.328 6.521
15.085 13.565 4.979 5.618 7.107
8.859 6.454 6.841 1.854 1.167
2.334 2.389 7.265 5.467 22.972
14.819 6.974 18.075 4.872 19.513
9.448 12.944 14.138 18.807 19.305
0.480 15.209 15.165 4.039 12.639
21.693 2.054 0.024 14.446 2.395
1.619 8.701 0.879 9.354 5.646
2.602 7.366 5.967 4.447 3.835
23.653 9.699 2.155 10.558 1.191
3.562 2.719 2.116 4.020 10.694
4.725 2.693 0.772 7.727 7.229
6.615 12.530 1.271 3.438 1.388
3.076 14.792 8.917 10.671 9.152
6.517 11.027 5.489 9.909 5.305
9.200 18.896 7.222 14.386 0.325
4.582 4.491 0.111 5.489 1.480
0.027 11.188 15.161 20.183 0.124
10.339 11.930 17.933 14.365 24.314
2.319 3.219 6.424 15.182 10.733
12.281 9.818 0.350 16.572 5.035
4.352 10.353 4.656 6.418 8.727
9.306 2.546 10.103 5.578 1.684
12.279 4.768 1.191 19.799 1.242
28.304 5.654 10.609 4.219 9.217
6.979 1.454 2.869 11.060 6.432
2.286 12.813 7.347 7.398 10.207
15.080 8.228 4.871 0.423 6.601
7.243 24.158 12.934 6.621 7.015
15.574 8.799 11.865 1.308 7.899
2.636 1.918 15.115 18.614 7.568
0.797 3.500 20.925 7.390 4.510
3.245 13.591 5.674 6.240 12.143
14.761 13.555 10.227 5.902 0.234
12.173 12.217 11.736 6.694 4.177
3.687 5.405 6.605 4.800 2.754
7.998 13.576 8.420 0.731 3.551
5.610 2.858 7.395 11.154 4.384
6.918 15.636 10.761 3.754 3.285
5.346 16.106 7.264 14.778 10.179
5.660 3.003 21.209 8.947 1.048
2.954 10.857 22.151 5.408 23.580
4.086 0.444 5.585 8.871 6.068
2.766 13.891 2.442 6.480 17.538
16.081 2.499 4.491 19.313 3.814
10.236 1.685 8.553 22.948 10.900
16.829 4.450 0.323 14.305 21.995
2.905 9.532 4.374 3.840 17.056
2.456 18.529 7.276 4.137 8.490
6.974 2.521 12.891 9.891 8.511
3.555 5.388 12.660 4.437 8.332
1.414 8.126 2.111 5.089 2.412
3.546 17.379 2.377 6.357 7.697
12.189 4.669 5.141 2.861 11.714
6.154 0.040 6.164 6.679 7.906
10.399 5.308 5.713 7.620 14.332
6.798 8.029 8.262 16.342 5.166
11.184 11.416 26.618 6.805 2.624
9.330 6.241 6.610 2.541 11.067
18.233 10.897 4.695 2.009 9.080
10.824 4.726 2.480 6.987 7.481
12.896 6.828 8.853 7.937 14.384
0.574 6.586 2.130 28.999 3.643
3.439 0.152 12.413 0.942 15.230
15.028 10.474 4.654 8.375 10.828
11.735 8.975 8.288 0.472 16.533
5.882 3.360 4.310 10.589 1.306
0.220 3.556 0.380 11.210 17.635
3.837 13.022 4.094 12.083 1.997
6.950 5.188 5.157 8.854 9.689
24.592 11.335 1.138 2.584 10.807
10.801 7.085 10.534 16.847 7.742
9.353 12.128 25.330 1.440 31.380
10.307 4.527 10.303 1.933 10.394
3.897 11.870 2.985 1.336 21.321
4.082 9.820 1.221 7.681 8.937
0.136 14.028 13.734 10.047 8.815
12.325 3.697 4.907 0.553 17.046
8.379 4.688 4.976 13.057 7.951
2.084 3.525 9.996 2.944 19.036
17.767 15.165 1.805 2.166 10.003
1.606 11.678 7.204 0.098 4.239
6.640 5.772 0.981 2.863 8.043
4.392 12.321 5.691 7.969 4.868
7.293 8.756 4.330 2.715 2.766
17.398 8.642 8.650 0.121 5.217
8.384 8.241 16.055 4.187 19.106
0.924 9.924 9.261 9.862 1.257
5.350 1.069 9.020 6.479 2.335
5.486 7.762 6.844 3.694 27.209
11.174 2.853 0.315 23.817 1.142
6.026 2.405 22.257 6.733 2.040
10.495 1.041 3.668 8.252 4.009
8.765 7.513 4.489 5.580 1.254
10.056 7.189 3.219 9.482 5.739
8.216 16.112 2.424 8.117 9.281
16.645 0.253 1.446 13.090 4.433
2.489 2.052 23.409 10.338 16.753
5.381 4.288 18.064 2.689 2.737
3.562 6.030 6.646 7.337 5.987
16.182 9.617 0.326 10.989 3.034
4.412 0.272 11.339 17.757 3.852
7.173 1.906 12.468 11.452 4.896
12.276 0.723 8.566 0.860 8.562
11.144 1.932 1.652 4.937 7.146
20.950 2.364 7.559 2.689 17.819
5.534 10.014 10.870 15.520 15.839
23.853 6.650 5.866 8.915 14.755
4.778 1.324 9.778 7.488 3.749
12.454 4.483 7.040 11.675 13.573
9.765 16.914 7.511 3.036 7.918
7.137 4.256 0.407 0.860 12.235
4.431 0.709 5.106 2.069 4.606
23.283 2.954 1.287 3.728 0.673
12.715 0.885 13.191 7.833 3.765
10.502 4.280 7.464 2.965 3.985
3.683 14.045 4.215 5.727 11.979
5.629 7.820 4.714 0.792 10.125
3.787 11.862 13.352 13.135 2.545
10.809 12.575 0.225 2.641 2.314
18.093 9.854 23.628 8.765 18.277
1.984 13.594 3.114 1.107 9.457
4.857 22.785 3.814 1.540 3.534
3.894 14.304 0.967 10.270 17.812
7.784 5.676 7.955 8.392 11.303
11.967 8.953 11.271 2.360 8.653
10.158 4.436 3.044 5.442 4.680
16.777 24.104 1.130 21.191 1.519
1.697 10.539 3.841 5.215 11.434
1.439 7.145 13.886 9.729 9.631
5.451 15.102 21.002 7.065 11.971
5.765 11.715 3.602 3.729 12.789
6.864 14.496 0.047 10.506 16.205
6.415 3.859 0.074 9.717 8.373
6.208 0.481 1.909 1.761 9.952
4.976 6.749 11.984 4.007 8.271
11.125 18.638 0.320 1.913 20.841
8.379 17.394 0.051 11.652 9.497
17.367 5.888 3.355 12.274 18.705
14.825 5.520 11.108 0.360 6.102
8.542 5.536 13.059 5.364 8.987
7.427 0.503 7.197 2.909 5.943
2.180 1.547 9.205 0.898 10.440
8.702 4.574 7.791 5.123 0.504
4.121 8.829 7.736 10.267 3.130
4.381 5.959 13.222 0.560 6.260
4.158 13.971 9.141 10.436 2.947
1.825 10.810 5.495 5.966 3.497
9.774 7.550 0.850 6.431 1.455
1.517 2.579 9.660 13.931 12.253
6.591 13.444 13.601 1.617 5.563
26.305 17.906 2.003 0.407 8.678
5.321 3.696 11.993 8.430 1.549
3.580 1.283 11.281 17.249 15.318
1.392 2.331 3.697 9.492 0.001
17.941 15.711 5.298 9.071 8.595
8.622 7.369 32.883 12.731 3.559
5.371 6.848 0.393 9.870 3.139
2.845 15.798 2.271 1.934 6.031
12.969 17.818 14.817 2.801 3.619
1.170 20.391 5.205 10.555 11.550
0.986 8.087 9.173 15.994 13.696
3.172 19.963 8.120 28.072 11.415
7.222 4.472 0.708 2.767 3.938
7.859 2.842 13.567 24.122 4.266
1.151 1.782 11.776 2.960 13.248
10.752 6.248 5.075 13.711 0.895
5.196 2.918 1.746 1.893 1.863
4.399 11.456 5.561 5.416 3.944
0.559 10.128 9.894 13.101 5.861
6.821 2.362 3.955 5.880 13.063
12.496 3.476 3.550 4.700 11.717
2.970 4.906 0.268 10.648 8.663
8.581 2.225 5.696 6.084 2.962
12.195 12.631 5.722 5.364 8.466
15.966 11.831 7.924 7.093 4.306
13.666 2.407 3.803 10.222 2.250
11.665 2.800 10.426 12.064 5.747
3.593 1.023 11.522 7.237 11.432
3.778 3.319 13.256 18.184 17.523
8.284 10.462 9.164 6.180 9.293
12.358 4.613 0.310 13.507 6.938
10.212 13.697 3.223 3.901 0.622
5.859 0.312 3.402 11.384 2.073
5.585 2.512 16.374 12.180 0.319
1.215 7.421 0.275 0.824 5.526
5.891 13.717 7.241 14.928 4.785
11.132 2.344 12.748 1.242 2.165
2.137 15.593 5.428 16.501 10.800
8.867 15.018 0.551 8.729 14.325
3.643 29.438 8.655 3.158 2.690
3.454 6.213 0.266 0.213 7.242
3.206 6.797 5.299 1.709 6.446
7.280 2.070 4.654 6.457 5.913
9.133 6.433 6.573 2.395 9.326
2.760 7.609 7.238 6.834 3.279
2.715 6.467 0.786 7.976 7.929
10.473 0.733 4.004 2.388 18.806
0.591 3.566 1.344 4.368 9.894
16.819 8.446 11.333 6.438 13.761
6.690 9.132 0.561 7.519 13.473
3.578 3.879 11.534 11.617 14.618
2.577 2.185 3.978 4.479 1.208
2.130 9.967 8.231 1.947 7.559
4.834 1.488 10.009 14.161 4.470
4.544 3.026 5.932 6.352 2.860
15.371 5.834 22.671 18.622 4.570
3.654 10.113 12.251 6.681 5.180
13.476 0.794 16.740 11.805 14.718
5.604 0.291 1.069 13.264 4.005
26.688 0.578 5.689 10.006 9.524
14.387 11.164 7.716 9.347 9.062
0.706 0.917 9.482 2.133 20.284
14.954 4.950 6.636 4.079 14.576
11.888 0.562 18.928 14.966 10.971
1.343 5.759 2.539 3.121 13.277
0.603 7.786 5.844 7.527 5.827
6.428 6.082 17.291 6.371 9.717
2.886 18.363 23.853 9.774 1.613
4.825 0.172 5.033 1.334 12.778
3.004 3.732 16.776 17.290 3.251
4.765 17.186 8.944 6.914 10.876
12.189 2.849 27.416 4.924 1.691
8.616 1.794 2.677 2.548 2.167
2.298 15.564 2.131 0.043 6.095
0.072 10.268 6.215 10.992 2.305
15.212 9.244 34.847 15.797 8.203
3.560 13.654 17.415 5.687 11.114
0.637 14.622 13.628 14.110 9.459
3.869 0.064 3.909 13.797 0.475
7.379 12.513 13.048 14.782 0.343
14.893 13.880 0.948 9.190 9.151
0.469 1.776 7.541 3.688 14.258
1.899 1.054 8.866 0.855 9.648
7.860 12.082 0.082 18.876 2.670
5.410 16.683 2.958 18.175 0.858
0.059 0.336 11.358 4.344 3.486
11.310 11.046 6.716 9.632 4.057
14.839 6.519 5.616 2.634 3.627
10.375 4.427 5.318 7.093 6.651
9.469 16.218 8.493 7.182 18.452
1.356 9.590 0.887 7.585 22.862
13.924 6.226 3.935 12.517 10.878
1.043 4.290 8.702 4.749 7.033
2.264 10.963 11.853 5.892 6.514
5.035 0.079 1.056 7.181 13.460
4.645 8.784 15.139 6.181 1.306
3.179 2.520 5.445 2.255 8.108
4.854 10.231 6.802 6.775 15.326
0.448 8.639 9.907 3.498 10.113
12.495 22.339 13.095 6.476 1.176
7.759 7.762 14.864 12.444 13.501
6.318 16.552 12.083 14.507 8.940
11.708 10.903 9.615 30.891 16.841
8.991 2.249 1.418 12.252 2.532
2.280 6.111 3.134 7.848 5.447
3.283 11.741 5.076 11.438 7.813
1.706 2.808 4.137 4.582 5.914
15.893 10.424 20.409 6.258 7.708
24.623 6.894 14.026 14.150 0.596
11.612 4.525 1.829 8.981 2.840
1.875 0.047 21.591 14.311 3.723
4.214 4.240 4.684 1.659 6.821
10.854 24.753 1.435 2.614 11.452
5.147 5.545 4.245 4.265 2.343
7.066 8.855 6.215 15.767 15.600
1.805 0.425 15.542 0.819 23.845
11.923 7.844 19.645 4.192 0.268
2.420 21.834 3.226 14.811 2.652
19.766 0.471 9.878 15.299 6.256
0.029 13.418 11.708 8.273 0.246
12.725 4.929 14.480 0.609 6.869
0.064 12.056 7.135 4.179 15.741
5.300 24.362 1.095 6.112 19.609
18.771 5.360 7.271 9.578 5.483
2.719 6.234 25.326 8.006 1.632
28.647 0.530 13.456 5.824 2.080
5.938 0.190 4.640 14.404 14.301
7.264 30.589 3.805 10.047 9.279
5.808 5.278 1.019 8.804 11.298
2.142 2.492 19.348 4.681 10.063
7.953 3.587 17.221 12.893 6.113
9.841 14.363 1.211 14.690 2.310
0.769 5.442 16.418 10.745 10.121
7.922 7.086 11.289 9.050 3.554
10.322 4.810 1.924 16.964 16.918
2.379 12.949 8.625 4.235 6.481
0.515 7.154 11.092 6.013 14.994
9.839 2.405 15.920 10.344 7.543
11.279 3.585 1.605 6.398 9.928
8.807 8.920 6.581 11.187 7.171
4.753 1.615 10.415 1.041 7.875
10.625 14.942 22.192 5.210 13.667
1.861 21.200 1.295 0.476 3.066
7.144 14.535 0.556 6.442 2.732
12.560 20.325 9.354 1.507 20.508
5.542 15.793 13.103 0.368 1.032
1.054 7.274 16.755 0.701 5.842
11.530 1.719 15.297 8.907 14.389
14.524 4.201 6.440 15.481 2.748
6.432 12.738 2.956 9.540 6.069
9.113 8.861 11.283 0.590 4.724
8.120 7.958 5.807 14.092 9.692
4.115 9.379 2.230 14.613 7.153
8.537 17.710 2.355 8.845 0.028
9.542 6.414 4.912 2.329 28.796
16.059 12.478 0.583 5.137 5.199
11.748 2.528 7.654 13.793 1.182
14.513 1.698 0.466 8.461 6.183
2.264 12.849 14.014 6.856 5.149
1.613 0.554 4.689 0.515 8.946
5.696 13.249 8.226 6.010 0.168
5.531 8.897 14.582 2.378 5.886
1.636 2.790 2.253 13.604 6.629
0.757 1.347 5.986 3.506 6.267
0.549 9.261 5.877 0.137 0.474
23.444 10.440 4.845 15.358 7.446
2.847 1.363 14.115 7.018 5.375
0.027 15.830 0.971 7.600 0.857
2.062 3.421 9.167 1.021 17.875
19.330 8.055 10.236 4.858 9.045
3.266 19.343 2.336 2.694 3.725
2.437 3.462 1.146 7.836 8.803
5.370 1.578 2.800 10.724 0.169
4.576 20.021 9.239 2.191 9.849
22.126 7.778 20.836 19.643 14.941
11.709 6.669 3.233 2.087 2.066
2.877 7.442 12.520 5.096 18.614
7.772 19.800 2.421 6.513 9.333
23.397 18.390 32.717 9.683 3.560
14.306 14.279 15.405 7.920 13.555
1.187 2.056 0.107 1.138 9.696
4.402 8.623 6.966 10.662 7.285
6.860 12.910 8.721 3.659 22.321
2.360 7.542 8.674 9.441 3.008
2.879 3.293 1.535 5.752 11.127
8.624 0.153 22.928 2.765 3.042
9.537 4.346 1.316 10.889 10.556
11.241 0.699 7.743 14.442 11.809
0.395 3.788 3.098 18.221 2.634
4.055 24.715 4.626 11.324 5.368
6.995 21.537 4.612 3.547 0.190
1.177 8.472 5.948 17.607 5.936
12.221 12.292 5.380 0.653 12.255
4.406 1.260 2.050 9.158 0.127
4.878 11.359 9.854 1.172 4.263
7.520 5.791 15.982 1.871 23.295
6.947 2.504 11.992 26.848 6.704
5.540 2.181 4.962 10.477 8.274
15.033 5.654 11.273 1.411 9.763
3.334 2.559 6.824 3.524 8.236
0.561 2.575 5.701 8.320 5.685
16.114 13.548 4.451 7.026 17.849
5.261 1.254 0.279 4.916 6.839
7.321 5.946 4.907 10.353 17.940
3.234 6.087 7.079 8.727 29.823
16.109 17.167 0.033 5.364 7.308
7.563 0.478 12.964 1.986 1.971
1.097 7.891 15.001 2.961 11.127
11.163 11.767 10.930 13.165 14.426
13.701 2.677 2.936 2.564 1.176
2.359 7.388 5.326 13.609 1.857
8.562 0.216 8.992 6.161 9.562
12.359 19.627 12.295 0.455 6.196
8.612 2.722 2.359 2.847 4.717
3.498 17.558 17.594 8.279 6.194
7.719 8.075 0.851 4.245 23.569
10.870 20.087 4.765 7.252 2.077
19.592 7.058 9.355 12.889 0.080
10.082 4.513 7.604 13.188 0.208
8.770 5.326 5.085 7.403 12.553
3.830 1.968 3.778 12.239 0.313
4.544 4.350 4.053 10.434 6.478
2.907 31.106 3.566 8.064 3.658
1.664 1.753 16.165 13.834 0.512
12.094 3.065 3.756 19.401 5.144
4.685 18.724 27.505 11.135 10.573
5.811 17.178 6.303 18.316 7.505
6.076 12.537 14.054 4.934 1.306
3.846 4.483 8.333 14.847 4.111
5.623 12.956 3.124 15.055 6.039
5.405 10.497 2.355 3.341 4.899
0.730 13.717 0.652 6.127 11.439
5.552 17.418 3.151 13.382 8.330
8.321 8.890 6.173 4.094 1.141
5.764 8.662 3.465 0.379 10.534
4.422 10.515 7.130 12.439 10.405
13.482 24.092 2.773 1.592 3.103
2.949 18.037 5.400 10.335 20.360
9.610 20.602 7.209 0.106 2.897
7.648 3.898 8.592 22.666 18.307
17.477 2.758 11.849 0.100 1.094
14.305 13.822 1.302 2.431 17.432
7.670 9.440 3.942 5.575 8.331
6.205 3.716 8.157 8.337 16.118
14.563 1.740 12.994 17.477 1.568
10.676 5.912 19.269 4.864 11.454
6.324 1.690 9.842 22.040 7.663
3.574 3.314 2.302 6.786 14.322
2.648 3.188 4.116 12.462 1.364
10.845 3.005 2.305 9.607 12.043
2.700 7.296 2.548 13.261 18.982
12.274 13.826 7.521 10.544 8.307
14.133 9.529 9.849 10.965 11.921
11.805 13.068 8.205 5.751 0.199
2.101 1.736 7.086 9.617 13.557
13.587 2.614 6.822 9.139 2.714
9.357 2.427 22.283 27.972 2.485
1.381 11.648 0.142 7.978 8.053
3.187 3.651 11.330 5.436 9.355
1.628 1.767 12.581 3.693 11.794
10.491 10.192 11.689 11.684 12.947
17.570 8.484 8.453 0.369 9.178
8.459 5.268 27.271 6.101 0.374
2.028 10.724 1.586 7.742 16.726
